id,answer
1,1
2,2
3,2
4,2
5,1
6,3
7,2
8,2
9,2
10,1
11,0
12,2
13,0
14,1
15,2
16,1
17,2
18,2
19,1
20,0
21,0
22,1
23,0
24,3
25,0
26,2
27,1
28,3
29,1
30,2
31,2
32,1
33,2
34,0
35,0
36,1
37,3
38,2
39,2
40,1
41,3
42,1
43,1
44,3
45,1
46,3
47,0
48,0
49,2
50,3
51,0
52,0
53,0
54,3
55,3
56,0
57,3
58,3
59,3
60,0
61,0
62,1
63,2
64,3
65,2
66,2
67,0
68,0
69,3
70,0
71,1
72,3
73,2
74,2
75,1
76,3
77,0
78,2
79,0
80,2
81,0
82,3
83,3
84,0
85,1
86,1
87,0
88,0
89,1
90,2
91,3
92,1
93,3
94,3
95,0
96,3
97,1
98,0
99,2
100,1
101,0
102,1
103,1
104,1
105,1
106,2
107,1
108,0
109,1
110,1
111,3
112,3
113,1
114,3
115,2
116,3
117,0
118,3
119,0
120,2
121,1
122,1
123,3
124,0
125,3
126,0
127,3
128,3
129,1
130,3
131,0
132,2
133,2
134,2
135,3
136,3
137,3
138,1
139,2
140,1
141,3
142,1
143,2
144,1
145,3
146,3
147,0
148,1
149,3
150,0
151,3
152,3
153,0
154,3
155,1
156,2
157,3
158,2
159,0
160,2
161,0
162,2
163,1
164,3
165,2
166,3
167,3
168,2
169,2
170,2
171,2
172,0
173,1
174,3
175,2
176,2
177,1
178,0
179,0
180,2
181,0
182,0
183,0
184,2
185,2
186,0
187,2
188,2
189,1
190,2
191,0
192,2
193,2
194,0
195,3
196,1
197,3
198,3
199,2
200,0
201,0
202,0
203,1
204,3
205,1
206,1
207,0
208,1
209,2
210,2
211,0
212,2
213,2
214,1
215,2
216,3
217,0
218,2
219,1
220,0
221,1
222,0
223,2
224,1
225,2
226,3
227,2
228,2
229,3
230,0
231,3
232,2
233,0
234,1
235,3
236,0
237,0
238,2
239,3
240,3
241,1
242,0
243,1
244,1
245,2
246,0
247,0
248,2
249,1
250,0
251,1
252,2
253,1
254,0
255,3
256,0
257,0
258,3
259,1
260,3
261,2
262,2
263,2
264,0
265,1
266,0
267,0
268,3
269,1
270,3
271,3
272,1
273,0
274,3
275,3
276,3
277,1
278,0
279,0
280,3
281,3
282,0
283,1
284,3
285,0
286,3
287,0
288,0
289,3
290,2
291,0
292,0
293,2
294,0
295,0
296,0
297,0
298,1
299,1
300,3
301,0
302,1
303,3
304,1
305,3
306,1
307,3
308,2
309,2
310,0
311,2
312,3
313,1
314,3
315,3
316,1
317,1
318,0
319,3
320,3
321,2
322,0
323,2
324,1
325,1
326,1
327,3
328,2
329,2
330,1
331,3
332,2
333,0
334,1
335,0
336,3
337,0
338,1
339,3
340,3
341,0
342,1
343,0
344,3
345,2
346,0
347,3
348,2
349,0
350,0
351,3
352,0
353,3
354,2
355,2
356,1
357,0
358,2
359,3
360,1
361,2
362,0
363,3
364,1
365,2
366,2
367,1
368,3
369,1
370,2
371,2
372,2
373,1
374,0
375,0
376,0
377,1
378,2
379,1
380,2
381,1
382,3
383,2
384,1
385,3
386,2
387,2
388,1
389,2
390,3
391,3
392,2
393,1
394,3
395,1
396,1
397,1
398,0
399,1
400,3
401,3
402,1
403,3
404,3
405,2
406,3
407,2
408,2
409,3
410,2
411,3
412,3
413,1
414,3
415,2
416,0
417,1
418,1
419,2
420,2
421,2
422,3
423,3
424,2
425,3
426,0
427,3
428,3
429,2
430,0
431,2
432,0
433,3
434,0
435,3
436,1
437,1
438,1
439,3
440,0
441,0
442,2
443,0
444,1
445,2
446,3
447,3
448,2
449,0
450,3
451,1
452,1
453,0
454,3
455,2
456,3
457,1
458,0
459,3
460,0
461,1
462,0
463,1
464,0
465,1
466,0
467,0
468,0
469,0
470,0
471,0
472,1
473,1
474,1
475,1
476,2
477,1
478,2
479,3
480,1
481,3
482,1
483,0
484,1
485,1
486,3
487,1
488,2
489,0
490,3
491,2
492,0
493,3
494,3
495,1
496,3
497,3
498,3
499,3
500,1
501,0
502,1
503,1
504,3
505,3
506,3
507,2
508,0
509,1
510,1
511,1
512,3
513,0
514,3
515,3
516,2
517,2
518,2
519,1
520,2
521,3
522,1
523,1
524,3
525,2
526,0
527,3
528,2
529,1
530,0
531,1
532,0
533,2
534,1
535,2
536,1
537,2
538,2
539,1
540,3
541,1
542,0
543,3
544,1
545,3
546,0
547,3
548,3
549,2
550,3
551,3
552,0
553,1
554,1
555,3
556,0
557,1
558,0
559,0
560,1
561,3
562,2
563,1
564,3
565,2
566,2
567,1
568,2
569,0
570,0
571,2
572,3
573,2
574,3
575,0
576,0
577,1
578,3
579,3
580,3
581,1
582,1
583,2
584,0
585,0
586,1
587,3
588,3
589,0
590,0
591,3
592,3
593,0
594,2
595,2
596,3
597,0
598,1
599,1
600,3
601,2
602,2
603,1
604,1
605,0
606,2
607,3
608,1
609,0
610,2
611,0
612,0
613,3
614,0
615,1
616,3
617,1
618,0
619,3
620,2
621,2
622,2
623,0
624,3
625,1
626,2
627,2
628,2
629,0
630,1
631,3
632,1
633,2
634,3
635,3
636,3
637,0
638,2
639,3
640,0
641,2
642,0
643,2
644,1
645,2
646,0
647,0
648,3
649,3
650,2
651,1
652,3
653,1
654,2
655,3
656,1
657,3
658,0
659,0
660,3
661,2
662,1
663,2
664,0
665,1
666,2
667,2
668,1
669,0
670,2
671,0
672,0
673,1
674,3
675,1
676,0
677,3
678,2
679,2
680,2
681,0
682,3
683,3
684,1
685,0
686,1
687,2
688,1
689,0
690,2
691,2
692,1
693,3
694,0
695,1
696,1
697,3
698,0
699,1
700,2
701,1
702,2
703,1
704,2
705,0
706,3
707,3
708,3
709,0
710,1
711,3
712,3
713,2
714,0
715,2
716,2
717,0
718,2
719,2
720,3
721,2
722,3
723,1
724,0
725,1
726,3
727,3
728,1
729,3
730,2
731,2
732,1
733,1
734,1
735,2
736,1
737,2
738,3
739,3
740,0
741,0
742,1
743,0
744,3
745,3
746,0
747,0
748,0
749,1
750,0
751,1
752,0
753,1
754,3
755,2
756,2
757,2
758,3
759,1
760,1
761,0
762,3
763,2
764,2
765,0
766,1
767,0
768,2
769,3
770,1
771,2
772,2
773,3
774,0
775,1
776,0
777,2
778,1
779,1
780,2
781,3
782,3
783,2
784,2
785,0
786,1
787,1
788,0
789,3
790,1
791,0
792,0
793,2
794,2
795,3
796,3
797,0
798,0
799,3
800,3
801,0
802,2
803,1
804,3
805,0
806,1
807,3
808,3
809,3
810,2
811,3
812,0
813,2
814,2
815,2
816,0
817,1
818,2
819,1
820,3
821,1
822,2
823,3
824,2
825,0
826,0
827,3
828,2
829,3
830,2
831,2
832,3
833,3
834,1
835,2
836,2
837,1
838,1
839,1
840,1
841,3
842,1
843,3
844,0
845,2
846,1
847,0
848,2
849,3
850,0
851,2
852,2
853,2
854,1
855,0
856,3
857,1
858,3
859,2
860,2
861,1
862,1
863,1
864,3
865,3
866,0
867,2
868,0
869,1
870,1
871,3
872,2
873,0
874,1
875,3
876,3
877,2
878,2
879,1
880,1
881,3
882,1
883,1
884,0
885,1
886,0
887,2
888,3
889,0
890,0
891,0
892,3
893,3
894,3
895,1
896,1
897,0
898,2
899,2
900,0
901,1
902,3
903,2
904,1
905,2
906,2
907,1
908,3
909,3
910,1
911,1
912,1
913,1
914,1
915,2
916,3
917,2
918,3
919,0
920,1
921,1
922,1
923,2
924,1
925,2
926,2
927,1
928,0
929,1
930,3
931,1
932,0
933,0
934,1
935,2
936,3
937,2
938,2
939,0
940,3
941,0
942,1
943,0
944,0
945,3
946,0
947,3
948,2
949,3
950,2
951,3
952,0
953,0
954,1
955,1
956,3
957,0
958,0
959,2
960,1
961,0
962,0
963,0
964,2
965,2
966,3
967,0
968,2
969,1
970,0
971,3
972,0
973,1
974,2
975,0
976,3
977,3
978,2
979,0
980,1
981,1
982,0
983,1
984,2
985,0
986,2
987,1
988,3
989,1
990,1
991,0
992,3
993,3
994,2
995,2
996,2
997,2
998,3
999,3
1000,0
1001,2
1002,2
1003,2
1004,3
1005,2
1006,0
1007,3
1008,1
1009,1
1010,3
1011,3
1012,0
1013,0
1014,1
1015,2
1016,1
1017,2
1018,1
1019,3
1020,1
1021,1
1022,0
1023,2
1024,0
1025,3
1026,1
1027,3
1028,1
1029,0
1030,1
1031,2
1032,1
1033,3
1034,1
1035,0
1036,1
1037,3
1038,0
1039,2
1040,3
1041,3
1042,2
1043,2
1044,2
1045,3
1046,3
1047,0
1048,1
1049,2
1050,2
1051,3
1052,3
1053,2
1054,0
1055,3
1056,3
1057,3
1058,2
1059,3
1060,1
1061,0
1062,3
1063,1
1064,3
1065,0
1066,3
1067,2
1068,0
1069,0
1070,3
1071,3
1072,0
1073,2
1074,3
1075,3
1076,1
1077,0
1078,2
1079,1
1080,2
1081,0
1082,3
1083,3
1084,1
1085,1
1086,1
1087,0
1088,2
1089,1
1090,3
1091,0
1092,2
1093,3
1094,0
1095,2
1096,3
1097,1
1098,2
1099,1
1100,2
1101,2
1102,3
1103,2
1104,0
1105,3
1106,2
1107,2
1108,0
1109,1
1110,1
1111,0
1112,1
1113,3
1114,1
1115,0
1116,0
1117,2
1118,2
1119,1
1120,1
1121,0
1122,1
1123,0
1124,1
1125,0
1126,1
1127,1
1128,3
1129,0
1130,2
1131,0
1132,0
1133,0
1134,2
1135,2
1136,0
1137,0
1138,3
1139,3
1140,1
1141,3
1142,1
1143,1
1144,1
1145,0
1146,0
1147,0
1148,0
1149,3
1150,2
1151,2
1152,0
1153,2
1154,3
1155,2
1156,1
1157,0
1158,2
1159,1
1160,1
1161,3
1162,1
1163,1
1164,1
1165,1
1166,2
1167,2
1168,2
1169,1
1170,0
1171,3
1172,1
1173,1
1174,2
1175,3
1176,2
1177,1
1178,2
1179,0
1180,0
1181,3
1182,1
1183,1
1184,0
1185,1
1186,3
1187,2
1188,1
1189,3
1190,1
1191,2
1192,0
1193,3
1194,1
1195,1
1196,3
1197,2
1198,3
1199,3
1200,1
1201,3
1202,3
1203,0
1204,0
1205,1
1206,2
1207,0
1208,0
1209,0
1210,0
1211,2
1212,2
1213,2
1214,1
1215,3
1216,0
1217,0
1218,0
1219,1
1220,1
1221,1
1222,0
1223,3
1224,0
1225,0
1226,2
1227,2
1228,2
1229,1
1230,3
1231,2
1232,3
1233,0
1234,1
1235,1
1236,2
1237,3
1238,1
1239,1
1240,1
1241,0
1242,0
1243,1
1244,1
1245,3
1246,3
1247,2
1248,0
1249,0
1250,3
1251,2
1252,1
1253,3
1254,2
1255,1
1256,1
1257,0
1258,2
1259,0
1260,3
1261,1
1262,2
1263,0
1264,0
1265,0
1266,3
1267,2
1268,0
1269,3
1270,1
1271,0
1272,2
1273,1
1274,0
1275,0
1276,3
1277,1
1278,0
1279,1
1280,2
1281,0
1282,1
1283,2
1284,1
1285,3
1286,2
1287,2
1288,2
1289,3
1290,0
1291,0
1292,0
1293,1
1294,2
1295,2
1296,3
1297,1
1298,2
1299,1
1300,2
1301,0
1302,2
1303,2
1304,0
1305,3
1306,0
1307,2
1308,0
1309,3
1310,0
1311,3
1312,2
1313,2
1314,1
1315,0
1316,1
1317,2
1318,0
1319,3
1320,1
1321,0
1322,0
1323,2
1324,2
1325,3
1326,1
1327,2
1328,1
1329,3
1330,2
1331,2
1332,3
1333,0
1334,2
1335,0
1336,0
1337,3
1338,2
1339,3
1340,2
1341,3
1342,1
1343,3
1344,1
1345,2
1346,3
1347,3
1348,2
1349,1
1350,3
1351,0
1352,0
1353,2
1354,3
1355,3
1356,1
1357,0
1358,1
1359,3
1360,0
1361,3
1362,3
1363,2
1364,3
1365,0
1366,0
1367,3
1368,3
1369,2
1370,0
1371,1
1372,0
1373,0
1374,2
1375,3
1376,2
1377,3
1378,3
1379,1
1380,1
1381,2
1382,3
1383,1
1384,0
1385,2
1386,0
1387,3
1388,0
1389,0
1390,1
1391,3
1392,3
1393,0
1394,1
1395,1
1396,1
1397,1
1398,2
1399,3
1400,3
1401,3
1402,1
1403,2
1404,0
1405,2
1406,3
1407,0
1408,2
1409,2
1410,3
1411,2
1412,1
1413,1
1414,3
1415,0
1416,2
1417,1
1418,0
1419,1
1420,2
1421,3
1422,3
1423,0
1424,1
1425,0
1426,2
1427,1
1428,0
1429,1
1430,0
1431,0
1432,0
1433,1
1434,2
1435,2
1436,0
1437,3
1438,2
1439,3
1440,3
1441,1
1442,0
1443,1
1444,3
1445,2
1446,2
1447,2
1448,0
1449,0
1450,3
1451,1
1452,0
1453,1
1454,3
1455,2
1456,0
1457,2
1458,3
1459,1
1460,3
1461,2
1462,3
1463,1
1464,3
1465,1
1466,0
1467,3
1468,0
1469,1
1470,3
1471,1
1472,2
1473,0
1474,1
1475,1
1476,3
1477,1
1478,1
1479,1
1480,1
1481,3
1482,3
1483,2
1484,0
1485,3
1486,3
1487,0
1488,1
1489,3
1490,3
1491,3
1492,2
1493,2
1494,0
1495,1
1496,0
1497,3
1498,0
1499,3
1500,3
1501,3
1502,2
1503,2
1504,3
1505,0
1506,2
1507,0
1508,3
1509,0
1510,0
1511,0
1512,3
1513,1
1514,3
1515,1
1516,2
1517,2
1518,2
1519,3
1520,2
1521,3
1522,2
1523,2
1524,3
1525,1
1526,0
1527,2
1528,0
1529,1
1530,1
1531,3
1532,2
1533,2
1534,1
1535,1
1536,2
1537,3
1538,2
1539,1
1540,1
1541,3
1542,3
1543,1
1544,0
1545,0
1546,2
1547,1
1548,1
1549,1
1550,3
1551,3
1552,1
1553,2
1554,1
1555,2
1556,3
1557,2
1558,0
1559,3
1560,0
1561,0
1562,0
1563,0
1564,1
1565,3
1566,3
1567,3
1568,1
1569,2
1570,0
1571,0
1572,3
1573,3
1574,0
1575,1
1576,3
1577,0
1578,3
1579,1
1580,0
1581,1
1582,1
1583,0
1584,0
1585,2
1586,3
1587,0
1588,0
1589,3
1590,1
1591,1
1592,2
1593,2
1594,3
1595,0
1596,3
1597,3
1598,2
1599,2
1600,1
1601,1
1602,2
1603,2
1604,3
1605,2
1606,2
1607,0
1608,2
1609,1
1610,0
1611,2
1612,3
1613,0
1614,2
1615,0
1616,3
1617,1
1618,0
1619,0
1620,3
1621,0
1622,3
1623,1
1624,1
1625,0
1626,3
1627,3
1628,1
1629,1
1630,0
1631,3
1632,1
1633,2
1634,3
1635,3
1636,2
1637,0
1638,0
1639,0
1640,0
1641,3
1642,0
1643,2
1644,2
1645,0
1646,0
1647,3
1648,1
1649,1
1650,0
1651,2
1652,1
1653,0
1654,0
1655,1
1656,2
1657,1
1658,0
1659,0
1660,2
1661,0
1662,1
1663,2
1664,3
1665,1
1666,2
1667,0
1668,1
1669,2
1670,3
1671,1
1672,3
1673,1
1674,0
1675,1
1676,1
1677,1
1678,2
1679,2
1680,2
1681,0
1682,3
1683,2
1684,2
1685,3
1686,3
1687,2
1688,1
1689,2
1690,1
1691,2
1692,1
1693,1
1694,0
1695,1
1696,2
1697,0
1698,0
1699,0
1700,2
1701,2
1702,1
1703,3
1704,3
1705,0
1706,0
1707,1
1708,1
1709,3
1710,1
1711,1
1712,0
1713,0
1714,3
1715,2
1716,2
1717,0
1718,2
1719,3
1720,1
1721,1
1722,3
1723,1
1724,0
1725,2
1726,1
1727,3
1728,1
1729,2
1730,3
1731,2
1732,3
1733,0
1734,0
1735,3
1736,1
1737,1
1738,1
1739,2
1740,0
1741,2
1742,1
1743,3
1744,3
1745,1
1746,1
1747,0
1748,3
1749,2
1750,1
1751,1
1752,1
1753,0
1754,1
1755,0
1756,1
1757,3
1758,2
1759,2
1760,1
1761,3
1762,0
1763,0
1764,2
1765,0
1766,0
1767,1
1768,2
1769,0
1770,1
1771,2
1772,1
1773,2
1774,3
1775,0
1776,2
1777,1
1778,2
1779,3
1780,3
1781,0
1782,1
1783,3
1784,1
1785,3
1786,3
1787,1
1788,0
1789,1
1790,2
1791,1
1792,2
1793,3
1794,1
1795,0
1796,0
1797,1
1798,3
1799,0
1800,2
1801,1
1802,1
1803,1
1804,2
1805,3
1806,1
1807,2
1808,0
1809,1
1810,0
1811,3
1812,0
1813,3
1814,0
1815,0
1816,0
1817,0
1818,3
1819,2
1820,0
1821,1
1822,2
1823,2
1824,1
1825,0
1826,0
1827,3
1828,2
1829,2
1830,2
1831,1
1832,0
1833,2
1834,3
1835,0
1836,2
1837,2
1838,2
1839,3
1840,1
1841,0
1842,3
1843,0
1844,1
1845,2
1846,2
1847,1
1848,1
1849,1
1850,3
1851,0
1852,0
1853,0
1854,2
1855,1
1856,0
1857,2
1858,2
1859,0
1860,1
1861,2
1862,2
1863,2
1864,2
1865,3
1866,1
1867,1
1868,1
1869,1
1870,2
1871,2
1872,0
1873,2
1874,2
1875,0
1876,0
1877,2
1878,1
1879,2
1880,3
1881,2
1882,2
1883,1
1884,3
1885,1
1886,0
1887,2
1888,1
1889,0
1890,0
1891,1
1892,0
1893,3
1894,3
1895,0
1896,1
1897,2
1898,1
1899,0
1900,1
1901,3
1902,1
1903,3
1904,3
1905,0
1906,0
1907,0
1908,3
1909,2
1910,2
1911,1
1912,1
1913,3
1914,2
1915,3
1916,2
1917,0
1918,1
1919,0
1920,2
1921,3
1922,2
1923,3
1924,2
1925,1
1926,2
1927,1
1928,1
1929,0
1930,2
1931,3
1932,0
1933,0
1934,3
1935,3
1936,1
1937,0
1938,1
1939,2
1940,0
1941,1
1942,1
1943,0
1944,3
1945,0
1946,1
1947,3
1948,1
1949,3
1950,3
1951,0
1952,2
1953,2
1954,1
1955,2
1956,3
1957,2
1958,3
1959,1
1960,2
1961,1
1962,3
1963,2
1964,3
1965,3
1966,1
1967,2
1968,3
1969,2
1970,0
1971,0
1972,0
1973,1
1974,3
1975,2
1976,2
1977,2
1978,3
1979,2
1980,2
1981,1
1982,2
1983,2
1984,0
1985,3
1986,0
1987,3
1988,0
1989,2
1990,0
1991,3
1992,1
1993,2
1994,2
1995,3
1996,2
1997,3
1998,3
1999,3
2000,0
